236898
239757
296380
296381
281028
281029
281026
281027
281024
281025
281023
281022
266516
266515
202578
202580
17689
17690
230395
230396
54149
17678
17656
54150
17679
17657
53783
288118
289507
288119
289508
262736
308297
262735
262734
288798
185793
185798
289081
216347
198131
198129
303429
303430
255078
255073
303427
303428
303431
303432
269159
269158
269162
11137
11138
273935
107410
57574
273936
11134
201566
11133
198123
198127
198125
198124
207004
207005
98758
63332
63333
93721
93720
198128
198126
196894
196895
317064
288124
236900
289514
288125
289515
236904
231941
231940
255077
255076
288122
236901
289512
288123
289513
236903
90881
239755
239756
255075
255080
137882
208147
137883
208144
163696
289526
289527
289523
289520
289522
289516
255298
255299
255300
289518
289521
289519
289525
289524
289517
275395
276184
276189
276191
276192
276193
255232
255296
255297
67352
142692
54900
98693
11142
144172
11140
113401
29354
29349
198132
198130
296702
286257
286258
57377
57376
276200
276201
276202
276203
276204
276205
202577
202576
202579
158527
298287
288120
289509
236899
288121
236905
289510
236902
289316
146979
289315
289317
147109
198108
82830
198109
82829
49945
216346
97505
97504
90880
29406
19295
289762
239754
239752
59888
121768
42841
224495
92765
92840
92839
269160
269163
269161
99090
76050
93722
255072
255074
324500
324499
298258
298259
203934
203943
202575
202572
202569
202570
202573
137884
137885
134967
99055
99056
158523
90011
269759
218644
78349
78348
185795
185797
276194
276195
276196
276197
276198
276199
43928
50815
66879
66878
266267
327322
231084
273227
273226
17608
337713
220197
338569
211457
224548
209486
195910
195919
73870
133852
135650
135651
135652
134865
134883
214377
150662
150663
222547
336358
229948
229520
195915
159290
159291
333619
333620
333621
92364
92367
92365
92368
92366
92369
114731
114735
174066
174072
174073
158791
158793
175437
175440
175439
146755
299585
191947
158290
158292
10326
10327
10329
293456
147169
337724
204919
172517
195202
195203
195204
204217
314847
214410
203513
18697
18700
145387
68570
92426
92390
18704
18699
92391
78981
78982
78980
150170
171534
171582
56374
56371
97685
75956
94243
94244
94245
76433
277679
277680
154398
154399
120543
120544
223563
223569
90915
143195
143201
283498
283499
185100
185101
185099
92399
92400
164920
164917
164918
164919
104486
104488
223323
223322
223324
174448
174446
174452
75959
75960
283500
283497
283502
283496
310374
310372
310375
310373
176787
176788
204541
204540
204535
204534
148202
148203
148204
148205
154381
127390
127408
176785
176786
204538
204536
147081
147082
154639
154640
283495
283501
64918
64917
115389
302074
201689
214365
222546
222778
222545
231031
231032
56589
57082
57090
58794
27904
19662
19661
135661
135662
67945
67946
19666
288818
121898
66567
121897
42899
77595
71172
176287
71173
333616
333617
333618
114046
114047
114048
127783
127784
127785
148854
333633
333634
333635
166833
166834
166835
154611
154612
175441
148849
148852
148853
127781
81460
81461
81462
82479
82480
82477
82478
82475
82476
35317
35361
35367
43098
43099
114043
114044
114045
184264
117197
117202
117203
117204
184265
184261
184260
184263
184262
101265
101271
134663
219946
214393
214526
189176
191745
107317
214371
66687
229920
17593
230936
267255
28637
327453
14667
222743
222742
12275
12294
47636
67060
48431
318764
318765
318766
271132
271133
161682
78702
78703
123038
123041
123042
121773
121775
198586
174773
337722
94875
12508
12509
174445
174444
174449
222549
195917
98408
98633
134853
134857
100145
100143
100142
100144
92972
73524
92973
73525
153183
153184
153185
99707
92970
73522
92971
73523
14647
14648
79564
56729
52473
11037
11116
104483
104482
175443
32263
184266
326442
324493
324494
298270
297549
158792
158794
326402
285924
285912
285526
285915
273229
273228
194535
313543
194406
279299
220198
223800
224547
229371
308502
227241
126540
132865
177903
81526
330170
310541
338055
308628
317487
322231
275827
156281
127411
153627
153628
156280
199320
144691
330168
310540
309147
338053
317488
119535
119536
119537
125322
125323
125324
331840
76703
76739
81770
338046
317486
174070
174068
174074
214411
309540
330169
338054
310480
317504
174450
174447
174451
94371
215797
225325
293292
177749
48322
301205
107602
107603
170892
170891
101427
81296
178686
81297
178687
81298
81301
47620
44091
47621
44092
241812
60049
60057
48037
58795
58797
91913
78597
78598
275068
275069
333670
333669
154491
116852
116853
234765
234757
267117
267114
246093
246092
211776
218012
152787
233175
166818
272784
237192
211777
98586
170410
276791
92223
30100
29728
309378
148805
148806
148807
148808
62056
56206
83351
333674
333673
148816
148814
148815
148817
333672
333671
148813
318991
277762
69049
66302
63509
63510
63511
63512
183898
183899
267116
267113
234758
234755
267115
267112
259910
259917
234766
234762
256432
256492
234760
234759
234768
234767
259920
259915
259914
259913
234756
234763
234753
234754
259918
259916
259909
259911
259919
259923
259926
259924
220090
220093
220091
220088
256472
256512
256612
256632
256652
256672
259925
259929
259927
259922
227420
227415
227418
227416
256673
256692
256693
256694
259912
259921
98653
217582
217584
148809
234764
234761
107248
107247
47887
147246
200828
125199
82786
82787
82790
125198
82788
82789
265835
265834
280721
269196
269197
269195
275070
275071
312782
312781
205212
265832
265833
107072
58013
64346
54313
81359
229563
13705
151630
152959
244473
128727
128728
128729
280507
280495
280508
149498
203514
299349
149125
61489
61488
125202
16339
47268
16337
172814
172815
200734
48399
48401
47461
194317
10181
48397
47462
59872
59089
100956
159620
161832
132789
162640
162766
134317
170239
167039
133463
133468
133469
155339
155335
155341
293315
158050
104288
104301
104290
104293
104302
104304
104285
132827
120776
120778
120775
130026
23215
278535
12512
157849
34197
13455
244472
244333
244292
244332
244432
206861
206858
167478
167477
167592
167591
167593
167594
172812
172816
206860
206863
206859
206862
216603
206361
206360
284948
325401
160379
278658
122903
122904
122909
122901
11376
279996
229564
197584
298420
298421
227125
244452
62008
47012
244334
181338
306573
311171
286567
170209
227242
66828
66829
180503
180504
296540
296541
211170
222321
207476
218841
218844
220946
299383
299385
229073
78977
81598
75766
304100
62963
301569
272903
273047
61577
72602
57119
234996
129476
160171
160174
27499
27501
207474
218838
218842
223566
220944
222848
234995
140509
121055
78627
43321
202418
202419
237304
235021
235013
247237
235018
235007
235006
272901
272902
235014
235008
272905
272904
247232
247234
235009
235017
235022
235020
235012
235016
277696
277697
247239
247240
247238
247235
255932
255952
255972
247241
247233
259947
260209
60065
60064
218840
218843
203806
203805
316981
316982
196966
196965
203807
203808
167024
167025
163772
163773
54674
54675
214978
15550
17654
17655
165161
165164
292572
225440
12728
310261
160173
160175
53981
169657
169658
260842
309824
223564
241252
241253
19216
200793
195527
195529
167306
167307
220945
195528
199199
272979
235019
235010
15102
15228
15174
48569
15175
15227
15103
299386
299380
299387
299382
164020
10846
296543
296542
280975
202686
219878
314717
151452
151451
97469
169660
169659
72393
15211
312888
312889
312887
145953
145957
188016
76017
310214
314500
175665
171357
299381
299384
176298
54703
336610
125654
72099
56892
56891
176980
199200
73743
235011
235015
79688
79695
79689
79694
79690
17584
17585
247323
247312
184310
184311
238283
151597
200136
200137
162912
162911
162563
18845
247317
247318
247316
247321
184307
151598
48896
43486
55676
55675
58627
58628
261263
302366
57396
49028
97456
97531
16260
16293
62595
62603
223327
12815
266823
159338
159342
247322
247320
184308
218360
218358
295609
295602
295603
295605
225389
142577
162014
223328
243632
222627
222628
280294
193388
193383
140238
66510
66511
55038
158301
140692
331021
331020
159753
159754
311283
311282
140840
241172
143494
285062
226430
50707
116545
23101
55556
17682
17681
41043
178383
178834
178384
233442
10113
233443
156919
48230
48231
10998
15334
11000
15336
11001
211019
315665
132521
132525
144969
144970
247314
247315
295607
295608
295606
295604
295610
247313
247319
184309
58351
82903
154382
286500
218476
184306
184312
262933
302364
302365
302362
329169
286499
218477
227605
261259
302361
302360
41609
14658
14674
14657
153439
153438
119000
118999
162015
82503
82505
99016
82507
295601
90370
235933
235932
235934
219014
219018
219015
219025
219021
219022
219017
219019
219023
219024
219020
219013
219012
219016
238273
238274
238275
238271
238272
307467
307466
265660
238278
238279
238280
238276
238277
238237
238236
238238
238234
238235
238268
238269
238270
238266
238267
238093
238112
238208
238072
238092
238212
238211
238213
238209
238210
303750
293390
293386
293391
207785
211977
207786
267013
267012
293388
206985
206983
293389
238242
238241
238243
238239
238240
293387
238263
238264
238265
238261
238262
313547
313546
313549
182884
182885
182886
182881
182883
202878
202879
202880
183860
183861
183862
313548
313545
313544
279927
279928
182882
99420
99421
75839
75838
202881
202882
202883
63788
68791
68792
66076
56372
50493
56373
50496
202875
202876
202877
229065
159140
159141
227474
337712
123862
150427
313088
106588
56809
56810
197679
120500
202872
202873
202874
71816
71817
121766
121767
61660
59888
121768
97258
62380
62381
98659
315132
147218
319358
117380
117381
117382
66116
66117
194405
229066
161228
198682
198681
309839
205114
64689
51385
150099
150098
17554
51429
281884
11013
